[gd_scene load_steps=8 format=3 uid="uid://rccou1fb3usa"]

[ext_resource type="Script" path="res://Scripts/Client/Gamestate/Locations/Controllers/SpaceController.cs" id="1_1drmd"]
[ext_resource type="Script" path="res://Scripts/Client/Gamestate/Locations/Controllers/SpaceTargetingController.cs" id="2_fe4d1"]
[ext_resource type="Material" uid="uid://cdjico1a85qoj" path="res://Materials/Can Move Cue Material.tres" id="3_yic3s"]
[ext_resource type="Material" uid="uid://b7sarrq3xpv48" path="res://Materials/Can Play Cue Material.tres" id="4_jp7wd"]
[ext_resource type="Material" uid="uid://cxktgwni5sidj" path="res://Materials/Unrecommend Play Cue Material.tres" id="5_ddpb5"]

[sub_resource type="BoxShape3D" id="BoxShape3D_w8788"]
size = Vector3(1, 0.01, 1)

[sub_resource type="QuadMesh" id="QuadMesh_solk5"]

[node name="Space Area" type="Area3D" node_paths=PackedStringArray("_coordsDebugLabel")]
script = ExtResource("1_1drmd")
_coordsDebugLabel = NodePath("Label3D")

[node name="Space CollisionArea" type="CollisionShape3D" parent="."]
transform = Transform3D(0.707107, 0, 0.707107, 0, 1, 0, -0.707107, 0, 0.707107, 0, 0, 0)
shape = SubResource("BoxShape3D_w8788")

[node name="CSGMesh3D" type="CSGMesh3D" parent="."]
transform = Transform3D(0.707107, -0.707107, -3.09086e-08, 0, -4.37114e-08, 1, -0.707107, -0.707107, -3.09086e-08, 0, 0, 0)
visible = false
mesh = SubResource("QuadMesh_solk5")

[node name="Label3D" type="Label3D" parent="."]
transform = Transform3D(1, 0, 0, 0, -4.37114e-08, 1, 0, -1, -4.37114e-08, 0, 0.032, -0.451947)
visible = false
text = "forward"
font_size = 72

[node name="Space Targeting Controller" type="Node3D" parent="." node_paths=PackedStringArray("_spaceController", "_canMove", "_recommendPlay", "_unrecommendPlay")]
script = ExtResource("2_fe4d1")
_spaceController = NodePath("..")
_canMove = NodePath("Can Move CSGMesh3D")
_recommendPlay = NodePath("Can Play CSGMesh3D")
_unrecommendPlay = NodePath("Unrecommend Play CSGMesh3D")

[node name="Can Move CSGMesh3D" type="CSGMesh3D" parent="Space Targeting Controller"]
transform = Transform3D(0.707107, -0.707107, -3.09086e-08, 0, -4.37114e-08, 1, -0.707107, -0.707107, -3.09086e-08, 0, 0, 0)
visible = false
mesh = SubResource("QuadMesh_solk5")
material = ExtResource("3_yic3s")

[node name="Can Play CSGMesh3D" type="CSGMesh3D" parent="Space Targeting Controller"]
transform = Transform3D(0.707107, -0.707107, -3.09086e-08, 0, -4.37114e-08, 1, -0.707107, -0.707107, -3.09086e-08, 0, 0, 0)
visible = false
mesh = SubResource("QuadMesh_solk5")
material = ExtResource("4_jp7wd")

[node name="Unrecommend Play CSGMesh3D" type="CSGMesh3D" parent="Space Targeting Controller"]
transform = Transform3D(0.707107, -0.707107, -3.09086e-08, 0, -4.37114e-08, 1, -0.707107, -0.707107, -3.09086e-08, 0, 0, 0)
visible = false
mesh = SubResource("QuadMesh_solk5")
material = ExtResource("5_ddpb5")
